-0.36398
1.85496
0.447604
1.18093
0.726078
-1.31217
-0.164362
-0.385979
-0.00842301
-0.408064
-0.45287
-0.833315
0.479619
-0.648441
-0.164857
1.12004
-0.57319
-0.294609
0.926837
-0.657961
-1.75736
0.672829
0.176729
0.548097
-0.583533
0.0981754
-0.92472
-0.360495
-1.83265
-1.47611
-0.548532
1.3821
0.678476
-0.00685426
-0.167592
0.117269
-1.29095
0.348778
1.89102
-1.30781
-0.9881
-0.0179927
-0.525907
0.430763
0.102781
0.944809
1.01274
0.85225
-0.504584
0.592336
0.454115
0.26891
-0.549646
-0.390391
-0.278306
0.582627
1.77553
-0.819624
-0.0606063
0.123787
1.28647
0.35057
-0.498857
1.06978
-2.21553
0.225805
1.29552
0.892016
-0.0106371
2.20019
-0.677663
-0.766014
0.973184
0.47078
0.367804
-0.267329
1.7754
-1.80954
-1.36296
0.685022
-0.809882
0.087447
-0.317117
1.5387
-1.31179
-0.445524
1.52843
1.27682
-0.290362
-0.106952
-1.87375
-0.351091
-1.24203
-0.237615
0.782549
-1.12933
-0.46711
-0.977141
-1.47595
-1.28302
-0.7191
0.139146
0.00339748
0.775116
0.76776
-0.851955
0.31792
0.712753
1.01654
-0.981848
-2.82119
-2.56442
-0.449168
-0.711366
-0.0292182
-1.95783
0.539313
-1.97587
1.80305
-1.60135
-0.0900077
0.221603
-0.323246
0.356844
0.501558
0.52204
0.31366
1.88722
1.90433
1.33135
0.916486
-0.180699
0.289953
0.589666
-0.360717
-0.637581
0.654444
0.475926
0.844035
1.38878
-0.369404
0.595463
-0.4758
0.20999
