-1.41645
-2.33211
-0.373627
0.0238172
0.88325
1.68095
-1.16597
-1.03852
0.530957
0.82022
0.369296
-1.39876
-1.10182
0.0479936
-0.00331444
-1.60641
-0.0314706
0.758729
-0.052201
1.07755
0.702773
0.0467337
0.464531
0.0400391
-0.1005
-0.436266
-1.05406
0.685049
0.457611
-0.441843
0.647217
-0.848302
0.604888
-0.249607
0.706812
-0.351361
-0.615535
0.683977
0.768785
0.336917
-0.63943
0.790134
0.464525
1.6469
0.217401
-0.56991
-0.713709
-1.51975
1.10946
-0.627724
0.317737
0.755728
-2.06595
-0.571679
1.44579
0.255587
0.531535
-1.14249
0.107923
-0.503872
0.390819
0.563684
-1.53595
-1.40387
-1.08575
0.883784
-0.740092
-0.569061
0.12151
-0.802663
0.855876
0.316388
0.849901
0.28261
0.445764
-1.70314
-1.66926
0.722649
0.144406
1.80723
-0.0228248
-0.874598
-0.891298
1.65026
-1.1599
-0.579433
-0.122133
-0.0577064
-1.53312
1.03834
2.70132
-1.61417
1.42463
-1.0788
0.255254
-0.488276
-0.134955
0.648666
0.863697
1.67485
0.856849
-0.135184
0.468465
0.215842
-1.19427
-0.536179
-1.44416
0.0325707
